0S
7768577 1770
3158 1
2778 1
3086 1
5045 1
4295 1
2748 1
2941 1
3454 1
2795 1
5590 1
4161 1
5516 1
5010 1
3192 1
3425 1
3634 1
4358 1
4923 1
7109 1
4964 1
4181 1
3171 1
2662 1
2954 1
2661 1
4083 1
3010 1
3012 1
2728 1
2673 1
2714 1
3875 1
6937 1
5251 1
3802 1
3667 1
3308 1
2841 1
3138 1
2665 1
2704 1
2791 1
4946 1
7576 1
3483 1
6290 1
4909 1
4668 1
4046 1
2815 1
3635 1
5461 1
3546 1
3033 1
4279 1
4730 1
3065 1
4616 1
6107 1
7950 1
3798 1
3015 1
10486 1
2993 1
3278 1
2939 1
5731 1
5620 1
4191 1
3091 1
3894 1
3576 1
4507 1
3153 1
3781 1
2649 1
2654 1
2691 1
2801 1
4478 1
2744 1
2920 1
2730 1
